{
 "cells": [
  {
   "cell_type": "code",
   "execution_count": 2,
   "id": "c101a8a7-296a-4dc8-9077-cda3862bc21f",
   "metadata": {},
   "outputs": [
    {
     "data": {
      "text/html": [
       "\n",
       "            <div>\n",
       "                <p><b>SparkSession - in-memory</b></p>\n",
       "                \n",
       "        <div>\n",
       "            <p><b>SparkContext</b></p>\n",
       "\n",
       "            <p><a href=\"http://DESKTOP-M2UR532:4040\">Spark UI</a></p>\n",
       "\n",
       "            <dl>\n",
       "              <dt>Version</dt>\n",
       "                <dd><code>v3.3.2</code></dd>\n",
       "              <dt>Master</dt>\n",
       "                <dd><code>local[*]</code></dd>\n",
       "              <dt>AppName</dt>\n",
       "                <dd><code>Curso PySpark</code></dd>\n",
       "            </dl>\n",
       "        </div>\n",
       "        \n",
       "            </div>\n",
       "        "
      ],
      "text/plain": [
       "<pyspark.sql.session.SparkSession at 0x24a7d373650>"
      ]
     },
     "execution_count": 2,
     "metadata": {},
     "output_type": "execute_result"
    }
   ],
   "source": [
    "from pyspark.sql import SparkSession\n",
    "import pyspark.sql.functions as F\n",
    "\n",
    "spark = (\n",
    "    SparkSession.builder.appName('Curso PySpark')\n",
    "    .config('spark.sql.repl.eagerEval.enabled',True)\n",
    "    .getOrCreate()\n",
    ")\n",
    "\n",
    "spark"
   ]
  },
  {
   "cell_type": "code",
   "execution_count": 9,
   "id": "22951b90-4b00-4c2c-8ad5-24aa51f43b9e",
   "metadata": {
    "scrolled": true
   },
   "outputs": [
    {
     "data": {
      "text/html": [
       "<table border='1'>\n",
       "<tr><th>id</th><th>cnpj_editora</th><th>data_lancamento</th><th>ean</th><th>isbn10</th><th>numero_paginas</th><th>preco</th></tr>\n",
       "<tr><td>102961160</td><td>54.317.982/0001-79</td><td>2011-09-19</td><td>4367115749184</td><td>0-06-594558-1</td><td>516</td><td>113.84</td></tr>\n",
       "<tr><td>043636240</td><td>16.938.042/0001-08</td><td>2019-05-11</td><td>1239569754256</td><td>0-611-23680-X</td><td>371</td><td>207.67</td></tr>\n",
       "<tr><td>052928059</td><td>57.624.038/0001-52</td><td>2003-08-03</td><td>5462162528221</td><td>1-109-29542-1</td><td>198</td><td>107.89</td></tr>\n",
       "<tr><td>088482271</td><td>16.249.378/0001-63</td><td>2022-09-07</td><td>5713629047213</td><td>1-229-68842-0</td><td>632</td><td>143.95</td></tr>\n",
       "<tr><td>028125446</td><td>90.425.178/0001-77</td><td>2011-07-25</td><td>2226757040245</td><td>0-657-66391-3</td><td>384</td><td>156.49</td></tr>\n",
       "</table>\n"
      ],
      "text/plain": [
       "+---------+------------------+---------------+-------------+-------------+--------------+------+\n",
       "|       id|      cnpj_editora|data_lancamento|          ean|       isbn10|numero_paginas| preco|\n",
       "+---------+------------------+---------------+-------------+-------------+--------------+------+\n",
       "|102961160|54.317.982/0001-79|     2011-09-19|4367115749184|0-06-594558-1|           516|113.84|\n",
       "|043636240|16.938.042/0001-08|     2019-05-11|1239569754256|0-611-23680-X|           371|207.67|\n",
       "|052928059|57.624.038/0001-52|     2003-08-03|5462162528221|1-109-29542-1|           198|107.89|\n",
       "|088482271|16.249.378/0001-63|     2022-09-07|5713629047213|1-229-68842-0|           632|143.95|\n",
       "|028125446|90.425.178/0001-77|     2011-07-25|2226757040245|0-657-66391-3|           384|156.49|\n",
       "+---------+------------------+---------------+-------------+-------------+--------------+------+"
      ]
     },
     "execution_count": 9,
     "metadata": {},
     "output_type": "execute_result"
    }
   ],
   "source": [
    "df = spark.read.parquet('C:/Users/Kimura/Desktop/Curso PySpark/DATASETS/DATASETS/LIVROS.parquet').limit(5)\n",
    "df"
   ]
  },
  {
   "cell_type": "code",
   "execution_count": 13,
   "id": "af022fe4-5502-49bd-9de8-5acef39943e1",
   "metadata": {
    "scrolled": true
   },
   "outputs": [
    {
     "data": {
      "text/html": [
       "<table border='1'>\n",
       "<tr><th>id</th><th>cnpj_editora</th><th>data_lancamento</th><th>ean</th><th>isbn10</th><th>numero_paginas</th><th>preco</th></tr>\n",
       "<tr><td>102961160</td><td>54.317.982/0001-79</td><td>2011-09-19</td><td>4367115749184</td><td>0-06-594558-1</td><td>516</td><td>113.84</td></tr>\n",
       "<tr><td>043636240</td><td>16.938.042/0001-08</td><td>2019-05-11</td><td>1239569754256</td><td>0-611-23680-X</td><td>371</td><td>207.67</td></tr>\n",
       "<tr><td>052928059</td><td>57.624.038/0001-52</td><td>2003-08-03</td><td>5462162528221</td><td>1-109-29542-1</td><td>198</td><td>107.89</td></tr>\n",
       "<tr><td>088482271</td><td>16.249.378/0001-63</td><td>2022-09-07</td><td>5713629047213</td><td>1-229-68842-0</td><td>632</td><td>143.95</td></tr>\n",
       "<tr><td>028125446</td><td>90.425.178/0001-77</td><td>2011-07-25</td><td>2226757040245</td><td>0-657-66391-3</td><td>384</td><td>156.49</td></tr>\n",
       "<tr><td>102961160</td><td>54.317.982/0001-79</td><td>2011-09-19</td><td>4367115749184</td><td>0-06-594558-1</td><td>516</td><td>113.84</td></tr>\n",
       "<tr><td>043636240</td><td>16.938.042/0001-08</td><td>2019-05-11</td><td>1239569754256</td><td>0-611-23680-X</td><td>371</td><td>207.67</td></tr>\n",
       "<tr><td>052928059</td><td>57.624.038/0001-52</td><td>2003-08-03</td><td>5462162528221</td><td>1-109-29542-1</td><td>198</td><td>107.89</td></tr>\n",
       "<tr><td>088482271</td><td>16.249.378/0001-63</td><td>2022-09-07</td><td>5713629047213</td><td>1-229-68842-0</td><td>632</td><td>143.95</td></tr>\n",
       "<tr><td>028125446</td><td>90.425.178/0001-77</td><td>2011-07-25</td><td>2226757040245</td><td>0-657-66391-3</td><td>384</td><td>156.49</td></tr>\n",
       "</table>\n"
      ],
      "text/plain": [
       "+---------+------------------+---------------+-------------+-------------+--------------+------+\n",
       "|       id|      cnpj_editora|data_lancamento|          ean|       isbn10|numero_paginas| preco|\n",
       "+---------+------------------+---------------+-------------+-------------+--------------+------+\n",
       "|102961160|54.317.982/0001-79|     2011-09-19|4367115749184|0-06-594558-1|           516|113.84|\n",
       "|043636240|16.938.042/0001-08|     2019-05-11|1239569754256|0-611-23680-X|           371|207.67|\n",
       "|052928059|57.624.038/0001-52|     2003-08-03|5462162528221|1-109-29542-1|           198|107.89|\n",
       "|088482271|16.249.378/0001-63|     2022-09-07|5713629047213|1-229-68842-0|           632|143.95|\n",
       "|028125446|90.425.178/0001-77|     2011-07-25|2226757040245|0-657-66391-3|           384|156.49|\n",
       "|102961160|54.317.982/0001-79|     2011-09-19|4367115749184|0-06-594558-1|           516|113.84|\n",
       "|043636240|16.938.042/0001-08|     2019-05-11|1239569754256|0-611-23680-X|           371|207.67|\n",
       "|052928059|57.624.038/0001-52|     2003-08-03|5462162528221|1-109-29542-1|           198|107.89|\n",
       "|088482271|16.249.378/0001-63|     2022-09-07|5713629047213|1-229-68842-0|           632|143.95|\n",
       "|028125446|90.425.178/0001-77|     2011-07-25|2226757040245|0-657-66391-3|           384|156.49|\n",
       "+---------+------------------+---------------+-------------+-------------+--------------+------+"
      ]
     },
     "execution_count": 13,
     "metadata": {},
     "output_type": "execute_result"
    }
   ],
   "source": [
    "# O união funciona como se fosse um empilhamento de DataFrames. O requisito para esse método funcionar é que as colunas sejam iguais nos 2 DataFrames que serão conectados.\n",
    "\n",
    "dup = df.union(df)\n",
    "dup"
   ]
  },
  {
   "cell_type": "code",
   "execution_count": 27,
   "id": "82421009-8101-458c-8ccd-efc62a405559",
   "metadata": {},
   "outputs": [],
   "source": [
    "df1 = df.select('cnpj_editora','data_lancamento', 'ean', 'isbn10', 'numero_paginas','preco','id')"
   ]
  },
  {
   "cell_type": "code",
   "execution_count": 31,
   "id": "4a861533-b825-4501-a69d-88fbc2f71ebc",
   "metadata": {},
   "outputs": [
    {
     "data": {
      "text/html": [
       "<table border='1'>\n",
       "<tr><th>id</th><th>cnpj_editora</th><th>data_lancamento</th><th>ean</th><th>isbn10</th><th>numero_paginas</th><th>preco</th></tr>\n",
       "<tr><td>102961160</td><td>54.317.982/0001-79</td><td>2011-09-19</td><td>4367115749184</td><td>0-06-594558-1</td><td>516</td><td>113.84</td></tr>\n",
       "<tr><td>043636240</td><td>16.938.042/0001-08</td><td>2019-05-11</td><td>1239569754256</td><td>0-611-23680-X</td><td>371</td><td>207.67</td></tr>\n",
       "<tr><td>052928059</td><td>57.624.038/0001-52</td><td>2003-08-03</td><td>5462162528221</td><td>1-109-29542-1</td><td>198</td><td>107.89</td></tr>\n",
       "<tr><td>088482271</td><td>16.249.378/0001-63</td><td>2022-09-07</td><td>5713629047213</td><td>1-229-68842-0</td><td>632</td><td>143.95</td></tr>\n",
       "<tr><td>028125446</td><td>90.425.178/0001-77</td><td>2011-07-25</td><td>2226757040245</td><td>0-657-66391-3</td><td>384</td><td>156.49</td></tr>\n",
       "<tr><td>54.317.982/0001-79</td><td>2011-09-19</td><td>4367115749184</td><td>0-06-594558-1</td><td>516</td><td>113.84</td><td>102961160</td></tr>\n",
       "<tr><td>16.938.042/0001-08</td><td>2019-05-11</td><td>1239569754256</td><td>0-611-23680-X</td><td>371</td><td>207.67</td><td>043636240</td></tr>\n",
       "<tr><td>57.624.038/0001-52</td><td>2003-08-03</td><td>5462162528221</td><td>1-109-29542-1</td><td>198</td><td>107.89</td><td>052928059</td></tr>\n",
       "<tr><td>16.249.378/0001-63</td><td>2022-09-07</td><td>5713629047213</td><td>1-229-68842-0</td><td>632</td><td>143.95</td><td>088482271</td></tr>\n",
       "<tr><td>90.425.178/0001-77</td><td>2011-07-25</td><td>2226757040245</td><td>0-657-66391-3</td><td>384</td><td>156.49</td><td>028125446</td></tr>\n",
       "</table>\n"
      ],
      "text/plain": [
       "+------------------+------------------+---------------+-------------+-------------+--------------+---------+\n",
       "|                id|      cnpj_editora|data_lancamento|          ean|       isbn10|numero_paginas|    preco|\n",
       "+------------------+------------------+---------------+-------------+-------------+--------------+---------+\n",
       "|         102961160|54.317.982/0001-79|     2011-09-19|4367115749184|0-06-594558-1|           516|   113.84|\n",
       "|         043636240|16.938.042/0001-08|     2019-05-11|1239569754256|0-611-23680-X|           371|   207.67|\n",
       "|         052928059|57.624.038/0001-52|     2003-08-03|5462162528221|1-109-29542-1|           198|   107.89|\n",
       "|         088482271|16.249.378/0001-63|     2022-09-07|5713629047213|1-229-68842-0|           632|   143.95|\n",
       "|         028125446|90.425.178/0001-77|     2011-07-25|2226757040245|0-657-66391-3|           384|   156.49|\n",
       "|54.317.982/0001-79|        2011-09-19|  4367115749184|0-06-594558-1|          516|        113.84|102961160|\n",
       "|16.938.042/0001-08|        2019-05-11|  1239569754256|0-611-23680-X|          371|        207.67|043636240|\n",
       "|57.624.038/0001-52|        2003-08-03|  5462162528221|1-109-29542-1|          198|        107.89|052928059|\n",
       "|16.249.378/0001-63|        2022-09-07|  5713629047213|1-229-68842-0|          632|        143.95|088482271|\n",
       "|90.425.178/0001-77|        2011-07-25|  2226757040245|0-657-66391-3|          384|        156.49|028125446|\n",
       "+------------------+------------------+---------------+-------------+-------------+--------------+---------+"
      ]
     },
     "execution_count": 31,
     "metadata": {},
     "output_type": "execute_result"
    }
   ],
   "source": [
    "# Veja que o método funcionou, porém como os dados estão fora de ordem isso gerou essa configuração errada na tabela.\n",
    "# Caso a quantidade de colunas nos dois DataFrames sejam diferentes, o código não funciona!\n",
    "\n",
    "df.union(df1)"
   ]
  },
  {
   "cell_type": "code",
   "execution_count": 35,
   "id": "ffb9c7b2-35a7-4183-b84e-7e9b11d59d72",
   "metadata": {},
   "outputs": [
    {
     "data": {
      "text/html": [
       "<table border='1'>\n",
       "<tr><th>id</th><th>cnpj_editora</th><th>data_lancamento</th><th>ean</th><th>isbn10</th><th>numero_paginas</th><th>preco</th></tr>\n",
       "<tr><td>102961160</td><td>54.317.982/0001-79</td><td>2011-09-19</td><td>4367115749184</td><td>0-06-594558-1</td><td>516</td><td>113.84</td></tr>\n",
       "<tr><td>043636240</td><td>16.938.042/0001-08</td><td>2019-05-11</td><td>1239569754256</td><td>0-611-23680-X</td><td>371</td><td>207.67</td></tr>\n",
       "<tr><td>052928059</td><td>57.624.038/0001-52</td><td>2003-08-03</td><td>5462162528221</td><td>1-109-29542-1</td><td>198</td><td>107.89</td></tr>\n",
       "<tr><td>088482271</td><td>16.249.378/0001-63</td><td>2022-09-07</td><td>5713629047213</td><td>1-229-68842-0</td><td>632</td><td>143.95</td></tr>\n",
       "<tr><td>028125446</td><td>90.425.178/0001-77</td><td>2011-07-25</td><td>2226757040245</td><td>0-657-66391-3</td><td>384</td><td>156.49</td></tr>\n",
       "<tr><td>102961160</td><td>54.317.982/0001-79</td><td>2011-09-19</td><td>4367115749184</td><td>0-06-594558-1</td><td>516</td><td>113.84</td></tr>\n",
       "<tr><td>043636240</td><td>16.938.042/0001-08</td><td>2019-05-11</td><td>1239569754256</td><td>0-611-23680-X</td><td>371</td><td>207.67</td></tr>\n",
       "<tr><td>052928059</td><td>57.624.038/0001-52</td><td>2003-08-03</td><td>5462162528221</td><td>1-109-29542-1</td><td>198</td><td>107.89</td></tr>\n",
       "<tr><td>088482271</td><td>16.249.378/0001-63</td><td>2022-09-07</td><td>5713629047213</td><td>1-229-68842-0</td><td>632</td><td>143.95</td></tr>\n",
       "<tr><td>028125446</td><td>90.425.178/0001-77</td><td>2011-07-25</td><td>2226757040245</td><td>0-657-66391-3</td><td>384</td><td>156.49</td></tr>\n",
       "</table>\n"
      ],
      "text/plain": [
       "+---------+------------------+---------------+-------------+-------------+--------------+------+\n",
       "|       id|      cnpj_editora|data_lancamento|          ean|       isbn10|numero_paginas| preco|\n",
       "+---------+------------------+---------------+-------------+-------------+--------------+------+\n",
       "|102961160|54.317.982/0001-79|     2011-09-19|4367115749184|0-06-594558-1|           516|113.84|\n",
       "|043636240|16.938.042/0001-08|     2019-05-11|1239569754256|0-611-23680-X|           371|207.67|\n",
       "|052928059|57.624.038/0001-52|     2003-08-03|5462162528221|1-109-29542-1|           198|107.89|\n",
       "|088482271|16.249.378/0001-63|     2022-09-07|5713629047213|1-229-68842-0|           632|143.95|\n",
       "|028125446|90.425.178/0001-77|     2011-07-25|2226757040245|0-657-66391-3|           384|156.49|\n",
       "|102961160|54.317.982/0001-79|     2011-09-19|4367115749184|0-06-594558-1|           516|113.84|\n",
       "|043636240|16.938.042/0001-08|     2019-05-11|1239569754256|0-611-23680-X|           371|207.67|\n",
       "|052928059|57.624.038/0001-52|     2003-08-03|5462162528221|1-109-29542-1|           198|107.89|\n",
       "|088482271|16.249.378/0001-63|     2022-09-07|5713629047213|1-229-68842-0|           632|143.95|\n",
       "|028125446|90.425.178/0001-77|     2011-07-25|2226757040245|0-657-66391-3|           384|156.49|\n",
       "+---------+------------------+---------------+-------------+-------------+--------------+------+"
      ]
     },
     "execution_count": 35,
     "metadata": {},
     "output_type": "execute_result"
    }
   ],
   "source": [
    "# Esse método procura as colunas correspondentes e faz o empilhamento dos dados.\n",
    "\n",
    "df.unionByName(df1)"
   ]
  },
  {
   "cell_type": "code",
   "execution_count": 39,
   "id": "9d49c505-7fbc-461f-9ca3-6487afe3f7c3",
   "metadata": {},
   "outputs": [
    {
     "data": {
      "text/html": [
       "<table border='1'>\n",
       "<tr><th>cnpj_editora</th><th>data_lancamento</th><th>ean</th><th>isbn10</th><th>numero_paginas</th><th>preco</th><th>id</th><th>qtd</th></tr>\n",
       "<tr><td>54.317.982/0001-79</td><td>2011-09-19</td><td>4367115749184</td><td>0-06-594558-1</td><td>516</td><td>113.84</td><td>102961160</td><td>1</td></tr>\n",
       "<tr><td>16.938.042/0001-08</td><td>2019-05-11</td><td>1239569754256</td><td>0-611-23680-X</td><td>371</td><td>207.67</td><td>043636240</td><td>1</td></tr>\n",
       "<tr><td>57.624.038/0001-52</td><td>2003-08-03</td><td>5462162528221</td><td>1-109-29542-1</td><td>198</td><td>107.89</td><td>052928059</td><td>1</td></tr>\n",
       "<tr><td>16.249.378/0001-63</td><td>2022-09-07</td><td>5713629047213</td><td>1-229-68842-0</td><td>632</td><td>143.95</td><td>088482271</td><td>1</td></tr>\n",
       "<tr><td>90.425.178/0001-77</td><td>2011-07-25</td><td>2226757040245</td><td>0-657-66391-3</td><td>384</td><td>156.49</td><td>028125446</td><td>1</td></tr>\n",
       "</table>\n"
      ],
      "text/plain": [
       "+------------------+---------------+-------------+-------------+--------------+------+---------+---+\n",
       "|      cnpj_editora|data_lancamento|          ean|       isbn10|numero_paginas| preco|       id|qtd|\n",
       "+------------------+---------------+-------------+-------------+--------------+------+---------+---+\n",
       "|54.317.982/0001-79|     2011-09-19|4367115749184|0-06-594558-1|           516|113.84|102961160|  1|\n",
       "|16.938.042/0001-08|     2019-05-11|1239569754256|0-611-23680-X|           371|207.67|043636240|  1|\n",
       "|57.624.038/0001-52|     2003-08-03|5462162528221|1-109-29542-1|           198|107.89|052928059|  1|\n",
       "|16.249.378/0001-63|     2022-09-07|5713629047213|1-229-68842-0|           632|143.95|088482271|  1|\n",
       "|90.425.178/0001-77|     2011-07-25|2226757040245|0-657-66391-3|           384|156.49|028125446|  1|\n",
       "+------------------+---------------+-------------+-------------+--------------+------+---------+---+"
      ]
     },
     "execution_count": 39,
     "metadata": {},
     "output_type": "execute_result"
    }
   ],
   "source": [
    "df2 = df1.withColumn('qtd', F.lit(1))\n",
    "df2"
   ]
  },
  {
   "cell_type": "code",
   "execution_count": 51,
   "id": "046ba82e-2382-4b9d-9934-86e71ff5717f",
   "metadata": {},
   "outputs": [
    {
     "data": {
      "text/html": [
       "<table border='1'>\n",
       "<tr><th>cnpj_editora</th><th>data_lancamento</th><th>ean</th><th>isbn10</th><th>numero_paginas</th><th>preco</th><th>id</th><th>qtd</th></tr>\n",
       "<tr><td>54.317.982/0001-79</td><td>2011-09-19</td><td>4367115749184</td><td>0-06-594558-1</td><td>516</td><td>113.84</td><td>102961160</td><td>1</td></tr>\n",
       "<tr><td>16.938.042/0001-08</td><td>2019-05-11</td><td>1239569754256</td><td>0-611-23680-X</td><td>371</td><td>207.67</td><td>043636240</td><td>1</td></tr>\n",
       "<tr><td>57.624.038/0001-52</td><td>2003-08-03</td><td>5462162528221</td><td>1-109-29542-1</td><td>198</td><td>107.89</td><td>052928059</td><td>1</td></tr>\n",
       "<tr><td>16.249.378/0001-63</td><td>2022-09-07</td><td>5713629047213</td><td>1-229-68842-0</td><td>632</td><td>143.95</td><td>088482271</td><td>1</td></tr>\n",
       "<tr><td>90.425.178/0001-77</td><td>2011-07-25</td><td>2226757040245</td><td>0-657-66391-3</td><td>384</td><td>156.49</td><td>028125446</td><td>1</td></tr>\n",
       "<tr><td>54.317.982/0001-79</td><td>2011-09-19</td><td>4367115749184</td><td>0-06-594558-1</td><td>516</td><td>113.84</td><td>102961160</td><td>null</td></tr>\n",
       "<tr><td>16.938.042/0001-08</td><td>2019-05-11</td><td>1239569754256</td><td>0-611-23680-X</td><td>371</td><td>207.67</td><td>043636240</td><td>null</td></tr>\n",
       "<tr><td>57.624.038/0001-52</td><td>2003-08-03</td><td>5462162528221</td><td>1-109-29542-1</td><td>198</td><td>107.89</td><td>052928059</td><td>null</td></tr>\n",
       "<tr><td>16.249.378/0001-63</td><td>2022-09-07</td><td>5713629047213</td><td>1-229-68842-0</td><td>632</td><td>143.95</td><td>088482271</td><td>null</td></tr>\n",
       "<tr><td>90.425.178/0001-77</td><td>2011-07-25</td><td>2226757040245</td><td>0-657-66391-3</td><td>384</td><td>156.49</td><td>028125446</td><td>null</td></tr>\n",
       "</table>\n"
      ],
      "text/plain": [
       "+------------------+---------------+-------------+-------------+--------------+------+---------+----+\n",
       "|      cnpj_editora|data_lancamento|          ean|       isbn10|numero_paginas| preco|       id| qtd|\n",
       "+------------------+---------------+-------------+-------------+--------------+------+---------+----+\n",
       "|54.317.982/0001-79|     2011-09-19|4367115749184|0-06-594558-1|           516|113.84|102961160|   1|\n",
       "|16.938.042/0001-08|     2019-05-11|1239569754256|0-611-23680-X|           371|207.67|043636240|   1|\n",
       "|57.624.038/0001-52|     2003-08-03|5462162528221|1-109-29542-1|           198|107.89|052928059|   1|\n",
       "|16.249.378/0001-63|     2022-09-07|5713629047213|1-229-68842-0|           632|143.95|088482271|   1|\n",
       "|90.425.178/0001-77|     2011-07-25|2226757040245|0-657-66391-3|           384|156.49|028125446|   1|\n",
       "|54.317.982/0001-79|     2011-09-19|4367115749184|0-06-594558-1|           516|113.84|102961160|null|\n",
       "|16.938.042/0001-08|     2019-05-11|1239569754256|0-611-23680-X|           371|207.67|043636240|null|\n",
       "|57.624.038/0001-52|     2003-08-03|5462162528221|1-109-29542-1|           198|107.89|052928059|null|\n",
       "|16.249.378/0001-63|     2022-09-07|5713629047213|1-229-68842-0|           632|143.95|088482271|null|\n",
       "|90.425.178/0001-77|     2011-07-25|2226757040245|0-657-66391-3|           384|156.49|028125446|null|\n",
       "+------------------+---------------+-------------+-------------+--------------+------+---------+----+"
      ]
     },
     "execution_count": 51,
     "metadata": {},
     "output_type": "execute_result"
    }
   ],
   "source": [
    "# Nesse caso temos 2 DataFrames semelhantes, mas 1 deles tem 1 coluna a mais, nesse caso podemos realizar essa associação usando o parâmetro allowMissingColumns=True\n",
    "# Para a correspondencia não existente o valor é nulo.\n",
    "\n",
    "df2.unionByName(df1, allowMissingColumns=True)"
   ]
  },
  {
   "cell_type": "code",
   "execution_count": 55,
   "id": "d0792deb-24cb-4934-9709-27560c09213d",
   "metadata": {},
   "outputs": [
    {
     "data": {
      "text/html": [
       "<table border='1'>\n",
       "<tr><th>id</th><th>cnpj_editora</th><th>data_lancamento</th><th>ean</th><th>isbn10</th><th>numero_paginas</th><th>preco</th></tr>\n",
       "<tr><td>102961160</td><td>54.317.982/0001-79</td><td>2011-09-19</td><td>4367115749184</td><td>0-06-594558-1</td><td>516</td><td>113.84</td></tr>\n",
       "<tr><td>043636240</td><td>16.938.042/0001-08</td><td>2019-05-11</td><td>1239569754256</td><td>0-611-23680-X</td><td>371</td><td>207.67</td></tr>\n",
       "<tr><td>052928059</td><td>57.624.038/0001-52</td><td>2003-08-03</td><td>5462162528221</td><td>1-109-29542-1</td><td>198</td><td>107.89</td></tr>\n",
       "<tr><td>088482271</td><td>16.249.378/0001-63</td><td>2022-09-07</td><td>5713629047213</td><td>1-229-68842-0</td><td>632</td><td>143.95</td></tr>\n",
       "<tr><td>028125446</td><td>90.425.178/0001-77</td><td>2011-07-25</td><td>2226757040245</td><td>0-657-66391-3</td><td>384</td><td>156.49</td></tr>\n",
       "<tr><td>102961160</td><td>54.317.982/0001-79</td><td>2011-09-19</td><td>4367115749184</td><td>0-06-594558-1</td><td>516</td><td>113.84</td></tr>\n",
       "<tr><td>043636240</td><td>16.938.042/0001-08</td><td>2019-05-11</td><td>1239569754256</td><td>0-611-23680-X</td><td>371</td><td>207.67</td></tr>\n",
       "<tr><td>052928059</td><td>57.624.038/0001-52</td><td>2003-08-03</td><td>5462162528221</td><td>1-109-29542-1</td><td>198</td><td>107.89</td></tr>\n",
       "<tr><td>088482271</td><td>16.249.378/0001-63</td><td>2022-09-07</td><td>5713629047213</td><td>1-229-68842-0</td><td>632</td><td>143.95</td></tr>\n",
       "<tr><td>028125446</td><td>90.425.178/0001-77</td><td>2011-07-25</td><td>2226757040245</td><td>0-657-66391-3</td><td>384</td><td>156.49</td></tr>\n",
       "</table>\n"
      ],
      "text/plain": [
       "DataFrame[id: string, cnpj_editora: string, data_lancamento: date, ean: string, isbn10: string, numero_paginas: string, preco: double]"
      ]
     },
     "execution_count": 55,
     "metadata": {},
     "output_type": "execute_result"
    }
   ],
   "source": [
    "dup"
   ]
  },
  {
   "cell_type": "code",
   "execution_count": 61,
   "id": "c30c2ca7-06d9-4a20-ac89-c01042e66aa4",
   "metadata": {},
   "outputs": [
    {
     "data": {
      "text/html": [
       "<table border='1'>\n",
       "<tr><th>id</th><th>cnpj_editora</th><th>data_lancamento</th><th>ean</th><th>isbn10</th><th>numero_paginas</th><th>preco</th></tr>\n",
       "<tr><td>102961160</td><td>54.317.982/0001-79</td><td>2011-09-19</td><td>4367115749184</td><td>0-06-594558-1</td><td>516</td><td>113.84</td></tr>\n",
       "<tr><td>043636240</td><td>16.938.042/0001-08</td><td>2019-05-11</td><td>1239569754256</td><td>0-611-23680-X</td><td>371</td><td>207.67</td></tr>\n",
       "<tr><td>052928059</td><td>57.624.038/0001-52</td><td>2003-08-03</td><td>5462162528221</td><td>1-109-29542-1</td><td>198</td><td>107.89</td></tr>\n",
       "<tr><td>088482271</td><td>16.249.378/0001-63</td><td>2022-09-07</td><td>5713629047213</td><td>1-229-68842-0</td><td>632</td><td>143.95</td></tr>\n",
       "<tr><td>028125446</td><td>90.425.178/0001-77</td><td>2011-07-25</td><td>2226757040245</td><td>0-657-66391-3</td><td>384</td><td>156.49</td></tr>\n",
       "</table>\n"
      ],
      "text/plain": [
       "+---------+------------------+---------------+-------------+-------------+--------------+------+\n",
       "|       id|      cnpj_editora|data_lancamento|          ean|       isbn10|numero_paginas| preco|\n",
       "+---------+------------------+---------------+-------------+-------------+--------------+------+\n",
       "|102961160|54.317.982/0001-79|     2011-09-19|4367115749184|0-06-594558-1|           516|113.84|\n",
       "|043636240|16.938.042/0001-08|     2019-05-11|1239569754256|0-611-23680-X|           371|207.67|\n",
       "|052928059|57.624.038/0001-52|     2003-08-03|5462162528221|1-109-29542-1|           198|107.89|\n",
       "|088482271|16.249.378/0001-63|     2022-09-07|5713629047213|1-229-68842-0|           632|143.95|\n",
       "|028125446|90.425.178/0001-77|     2011-07-25|2226757040245|0-657-66391-3|           384|156.49|\n",
       "+---------+------------------+---------------+-------------+-------------+--------------+------+"
      ]
     },
     "execution_count": 61,
     "metadata": {},
     "output_type": "execute_result"
    }
   ],
   "source": [
    "# Remoção de duplicatas!\n",
    "\n",
    "#dup.dropDuplicates()\n",
    "dup.drop_duplicates()"
   ]
  },
  {
   "cell_type": "code",
   "execution_count": 65,
   "id": "d984de07-c67a-4154-984d-76546bd23948",
   "metadata": {},
   "outputs": [
    {
     "data": {
      "text/html": [
       "<table border='1'>\n",
       "<tr><th>id</th><th>cnpj_editora</th><th>data_lancamento</th><th>ean</th><th>isbn10</th><th>numero_paginas</th><th>preco</th></tr>\n",
       "<tr><td>010045097</td><td>93.167.508/0001-60</td><td>2003-12-17</td><td>5404258649298</td><td>1-198-80360-6</td><td>209</td><td>138.69</td></tr>\n",
       "<tr><td>013465823</td><td>83.726.491/0001-80</td><td>2017-05-13</td><td>0074144479312</td><td>1-83610-787-0</td><td>461</td><td>54.54</td></tr>\n",
       "<tr><td>032992209</td><td>89.025.741/0001-30</td><td>2021-01-19</td><td>6742463360539</td><td>1-70513-664-8</td><td>209</td><td>62.06</td></tr>\n",
       "<tr><td>053055882</td><td>49.307.825/0001-42</td><td>2012-11-28</td><td>7167295362435</td><td>0-938193-52-X</td><td>209</td><td>25.48</td></tr>\n",
       "<tr><td>099439200</td><td>56.192.403/0001-34</td><td>2023-02-21</td><td>8661295733213</td><td>0-9652676-7-9</td><td>461</td><td>191.21</td></tr>\n",
       "<tr><td>017101222</td><td>38.749.021/0001-87</td><td>2009-10-05</td><td>1097622511402</td><td>1-955365-19-9</td><td>461</td><td>24.87</td></tr>\n",
       "</table>\n"
      ],
      "text/plain": [
       "+---------+------------------+---------------+-------------+-------------+--------------+------+\n",
       "|       id|      cnpj_editora|data_lancamento|          ean|       isbn10|numero_paginas| preco|\n",
       "+---------+------------------+---------------+-------------+-------------+--------------+------+\n",
       "|010045097|93.167.508/0001-60|     2003-12-17|5404258649298|1-198-80360-6|           209|138.69|\n",
       "|013465823|83.726.491/0001-80|     2017-05-13|0074144479312|1-83610-787-0|           461| 54.54|\n",
       "|032992209|89.025.741/0001-30|     2021-01-19|6742463360539|1-70513-664-8|           209| 62.06|\n",
       "|053055882|49.307.825/0001-42|     2012-11-28|7167295362435|0-938193-52-X|           209| 25.48|\n",
       "|099439200|56.192.403/0001-34|     2023-02-21|8661295733213|0-9652676-7-9|           461|191.21|\n",
       "|017101222|38.749.021/0001-87|     2009-10-05|1097622511402|1-955365-19-9|           461| 24.87|\n",
       "+---------+------------------+---------------+-------------+-------------+--------------+------+"
      ]
     },
     "execution_count": 65,
     "metadata": {},
     "output_type": "execute_result"
    }
   ],
   "source": [
    "df4 = spark.read.parquet('C:/Users/Kimura/Desktop/Curso PySpark/DATASETS/DATASETS/LIVROS.parquet').where(F.col('numero_paginas').isin(461,209))\n",
    "df4"
   ]
  },
  {
   "cell_type": "code",
   "execution_count": 71,
   "id": "1bc8ae96-0b1b-44bd-b420-a16407423f37",
   "metadata": {},
   "outputs": [
    {
     "data": {
      "text/html": [
       "<table border='1'>\n",
       "<tr><th>id</th><th>cnpj_editora</th><th>data_lancamento</th><th>ean</th><th>isbn10</th><th>numero_paginas</th><th>preco</th></tr>\n",
       "<tr><td>010045097</td><td>93.167.508/0001-60</td><td>2003-12-17</td><td>5404258649298</td><td>1-198-80360-6</td><td>209</td><td>138.69</td></tr>\n",
       "<tr><td>013465823</td><td>83.726.491/0001-80</td><td>2017-05-13</td><td>0074144479312</td><td>1-83610-787-0</td><td>461</td><td>54.54</td></tr>\n",
       "</table>\n"
      ],
      "text/plain": [
       "+---------+------------------+---------------+-------------+-------------+--------------+------+\n",
       "|       id|      cnpj_editora|data_lancamento|          ean|       isbn10|numero_paginas| preco|\n",
       "+---------+------------------+---------------+-------------+-------------+--------------+------+\n",
       "|010045097|93.167.508/0001-60|     2003-12-17|5404258649298|1-198-80360-6|           209|138.69|\n",
       "|013465823|83.726.491/0001-80|     2017-05-13|0074144479312|1-83610-787-0|           461| 54.54|\n",
       "+---------+------------------+---------------+-------------+-------------+--------------+------+"
      ]
     },
     "execution_count": 71,
     "metadata": {},
     "output_type": "execute_result"
    }
   ],
   "source": [
    "# Remoção de duplicatas por 1 coluna\n",
    "\n",
    "df4.drop_duplicates(['numero_paginas'])"
   ]
  },
  {
   "cell_type": "code",
   "execution_count": 75,
   "id": "2a6adcc8-d40f-4075-adc9-9faeab944cd8",
   "metadata": {},
   "outputs": [
    {
     "data": {
      "text/html": [
       "<table border='1'>\n",
       "<tr><th>id</th><th>cnpj_editora</th><th>data_lancamento</th><th>ean</th><th>isbn10</th><th>numero_paginas</th><th>preco</th></tr>\n",
       "<tr><td>010045097</td><td>93.167.508/0001-60</td><td>2003-12-17</td><td>5404258649298</td><td>1-198-80360-6</td><td>209</td><td>138.69</td></tr>\n",
       "<tr><td>032992209</td><td>89.025.741/0001-30</td><td>2021-01-19</td><td>6742463360539</td><td>1-70513-664-8</td><td>209</td><td>62.06</td></tr>\n",
       "<tr><td>053055882</td><td>49.307.825/0001-42</td><td>2012-11-28</td><td>7167295362435</td><td>0-938193-52-X</td><td>209</td><td>25.48</td></tr>\n",
       "<tr><td>013465823</td><td>83.726.491/0001-80</td><td>2017-05-13</td><td>0074144479312</td><td>1-83610-787-0</td><td>461</td><td>54.54</td></tr>\n",
       "<tr><td>017101222</td><td>38.749.021/0001-87</td><td>2009-10-05</td><td>1097622511402</td><td>1-955365-19-9</td><td>461</td><td>24.87</td></tr>\n",
       "<tr><td>099439200</td><td>56.192.403/0001-34</td><td>2023-02-21</td><td>8661295733213</td><td>0-9652676-7-9</td><td>461</td><td>191.21</td></tr>\n",
       "</table>\n"
      ],
      "text/plain": [
       "+---------+------------------+---------------+-------------+-------------+--------------+------+\n",
       "|       id|      cnpj_editora|data_lancamento|          ean|       isbn10|numero_paginas| preco|\n",
       "+---------+------------------+---------------+-------------+-------------+--------------+------+\n",
       "|010045097|93.167.508/0001-60|     2003-12-17|5404258649298|1-198-80360-6|           209|138.69|\n",
       "|032992209|89.025.741/0001-30|     2021-01-19|6742463360539|1-70513-664-8|           209| 62.06|\n",
       "|053055882|49.307.825/0001-42|     2012-11-28|7167295362435|0-938193-52-X|           209| 25.48|\n",
       "|013465823|83.726.491/0001-80|     2017-05-13|0074144479312|1-83610-787-0|           461| 54.54|\n",
       "|017101222|38.749.021/0001-87|     2009-10-05|1097622511402|1-955365-19-9|           461| 24.87|\n",
       "|099439200|56.192.403/0001-34|     2023-02-21|8661295733213|0-9652676-7-9|           461|191.21|\n",
       "+---------+------------------+---------------+-------------+-------------+--------------+------+"
      ]
     },
     "execution_count": 75,
     "metadata": {},
     "output_type": "execute_result"
    }
   ],
   "source": [
    "# Remoção de duplicatas por varias colunas\n",
    "\n",
    "df4.drop_duplicates(['numero_paginas','ean'])"
   ]
  }
 ],
 "metadata": {
  "kernelspec": {
   "display_name": "Python [conda env:base] *",
   "language": "python",
   "name": "conda-base-py"
  },
  "language_info": {
   "codemirror_mode": {
    "name": "ipython",
    "version": 3
   },
   "file_extension": ".py",
   "mimetype": "text/x-python",
   "name": "python",
   "nbconvert_exporter": "python",
   "pygments_lexer": "ipython3",
   "version": "3.12.7"
  }
 },
 "nbformat": 4,
 "nbformat_minor": 5
}
